instance | choicesBase | choicesMDD | timeBase | timeMDD | timeMDDNoBuild 
[20, 377, 4935]
[12, 88, 252]
[20, 549, 9189]
[66, 1351, 6168]
[20, 290, 2776]
[20, 358, 4706]
[138, 1502, 12492]
[1518, 5353, 12495]
[30, 536, 2463]
[326, 2464, 14552]
[22, 257, 1198]
[696, 3210, 5716]
[20, 597, 13797]
[40, 509, 2829]
[428, 1231, 4476]
[20, 354, 3678]
[250, 1859, 11956]
data/INVENTORY/10/data10_26.txt | -1 | -1 | -1 | -1 | -1
[38, 1105, 11106]
[36, 682, 5325]
[56, 1119, 5966]
[196, 1469, 8283]
[24, 501, 10155]
[58, 634, 2048]
data/INVENTORY/10/data10_63.txt | -1 | -1 | -1 | -1 | -1
[26, 366, 2859]
[520, 3010, 4613]
[42, 561, 3841]
[296, 4373, 12197]
[86, 2013, 6953]
[26, 692, 12176]
[30, 551, 5552]
[266, 5196, 11435]
[20, 432, 7999]
[50, 430, 4217]
[58, 998, 4709]
[18, 243, 3268]
[92, 624, 2655]
[26, 560, 7047]
[50, 1351, 3002]
[20, 247, 2220]
data/INVENTORY/10/data10_28.txt | -1 | -1 | -1 | -1 | -1
[48, 1069, 6296]
[94, 980, 4490]
[20, 492, 5528]
[22, 369, 5085]
[40, 945, 8890]
[214, 917, 4052]
[68, 1081, 9923]
[20, 434, 6620]
[36, 773, 2589]
[18, 488, 9312]
[182, 830, 2139]
[148, 2097, 6776]
[32, 546, 7756]
[144, 2035, 7348]
[38, 710, 2467]
[54, 1234, 6111]
[38, 343, 1083]
[174, 2567, 7680]
[182, 1163, 1939]
[108, 1338, 9346]
[66, 1267, 3618]
[28, 544, 6013]
[152, 1466, 11974]
[38, 888, 8153]
[344, 9384, 17226]
[20, 648, 4670]
[30, 432, 4263]
[18, 369, 2195]
[36, 495, 3412]
[62, 1237, 13225]
[60, 697, 1808]
[34, 646, 7823]
[316, 3950, 15223]
[38, 411, 1322]
[126, 261, 2175]
[34, 814, 3358]
[356, 1901, 10888]
[78, 954, 5580]
[186, 1353, 10395]
[20, 410, 2108]
[20, 507, 6030]
[58, 487, 3422]
[324, 5521, 10274]
[54, 501, 2416]
[78, 930, 2818]
[512, 2645, 4503]
[54, 391, 1357]
[96, 749, 2468]
[32, 638, 3250]
[20, 464, 9238]
[20, 544, 6542]
[20, 448, 5830]
[20, 379, 5350]
[130, 7987, 13218]
